Получения количества лайков фотографии с id = 456251564 пользователя с id = 34045589 | дата-время:2018-11-23 18:55:20 
{
    "count": 60,
    "items": [
        7920505,
        498245675,
        227029873,
        48787074,
        7844047,
        41575519,
        54247999,
        219291556,
        220285814,
        234791605,
        125945035,
        249210277,
        57022583,
        135230215,
        37927632,
        87629002,
        1312533,
        160137566,
        282374030,
        19194137,
        15275440,
        79042618,
        146446615,
        171079754,
        136170469,
        293398953,
        103504113,
        138275423,
        63674435,
        11449896,
        127747164,
        26600695,
        71128258,
        313794755,
        397526303,
        147603672,
        59049140,
        58826966,
        5422565,
        156726329,
        228000608,
        52600743,
        138862225,
        83895816,
        71816244,
        97716245,
        109114831,
        108365686,
        185693699,
        101005322,
        217987503,
        84666664,
        343502847,
        71433630,
        165329735,
        319330178,
        48916669,
        157002424,
        69488120,
        134193253
    ]
}
Кол-во лайков фотографии с id = 456251564 пользователя с id = 34045589 + список id-лайкнувших | дата-время:2018-11-23 18:56:33 
{
    "count": 60,
    "items": [
        7920505,
        498245675,
        227029873,
        48787074,
        7844047,
        41575519,
        54247999,
        219291556,
        220285814,
        234791605,
        125945035,
        249210277,
        57022583,
        135230215,
        37927632,
        87629002,
        1312533,
        160137566,
        282374030,
        19194137,
        15275440,
        79042618,
        146446615,
        171079754,
        136170469,
        293398953,
        103504113,
        138275423,
        63674435,
        11449896,
        127747164,
        26600695,
        71128258,
        313794755,
        397526303,
        147603672,
        59049140,
        58826966,
        5422565,
        156726329,
        228000608,
        52600743,
        138862225,
        83895816,
        71816244,
        97716245,
        109114831,
        108365686,
        185693699,
        101005322,
        217987503,
        84666664,
        343502847,
        71433630,
        165329735,
        319330178,
        48916669,
        157002424,
        69488120,
        134193253
    ]
}
